custId,score,eccentricity
669667,        movieId  rating  days
custId                       
669667     3962       4  2208
669667    12974       4  2233,837230,0.36282353174714865,0.0
2468747,         movieId  rating  days
custId                        
2468747    15151       5  2140
2468747     6255       1  2210,2468747,0.3788928948532564,0.0
1907085,         movieId  rating  days
custId                        
1907085    15110       5  1896
1907085     1960       4  1808,1907085,0.6147741116456267,16.435661752547325
248389,        movieId  rating  days
custId                       
248389     6206       5  1603
248389     3427       3  1848,248389,0.3375242261307717,0.0
1862146,         movieId  rating  days
custId                        
1862146    10123       2  2132
1862146     9617       3  2135,2440597,0.34975011322410565,0.0
902338,        movieId  rating  days
custId                       
902338    17174       4  1923
902338    16580       3  2219,1693140,0.4036780258268329,0.0
1008352,         movieId  rating  days
custId                        
1008352     7636       5  1935
1008352     2016       5  1931,1008352,0.42266911296724785,6.890571767688031
1895328,         movieId  rating  days
custId                        
1895328     3079       5  1893
1895328    14283       5  2073,1483838,0.396113787360868,0.0
417951,        movieId  rating  days
custId                       
417951     6844       2  2171
417951    17169       5  2167,2004142,0.33965030225680315,0.0
1486201,         movieId  rating  days
custId                        
1486201    16264       4  1618
1486201     6400       2  1293,1486201,0.5253416943208385,14.322685659124595
178877,        movieId  rating  days
custId                       
178877    10820       5  2219
178877    13673       5  2231,979235,0.36137524754186845,0.0
524580,        movieId  rating  days
custId                       
524580     6255       1  2199
524580     9144       5  2145,1660465,0.3916069708434343,0.0
1441377,         movieId  rating  days
custId                        
1441377     5926       5  1954
1441377     5862       5  1564,881004,0.3409563369113836,0.0
1292217,         movieId  rating  days
custId                        
1292217    14242       4  1429
1292217     1049       4   996,1292217,0.5578512559644037,34.784981882271495
753584,        movieId  rating  days
custId                       
753584     5926       4  2130
753584     6428       2  2120,753584,0.35139036975698046,0.0
1456072,         movieId  rating  days
custId                        
1456072    12672       4  1590
1456072    16384       5  1599,1668849,0.3378320069050099,0.0
2578001,         movieId  rating  days
custId                        
2578001    12870       4  2072
2578001    14367       4  2068,324760,0.340953304109593,0.0
786187,        movieId  rating  days
custId                       
786187     6844       2  1671
786187    10503       4  1655,786187,0.3913218058299302,0.0
1275121,         movieId  rating  days
custId                        
1275121     1324       4  1448
1275121     8782       4  1939,1275121,0.3544950005182932,2.5826869257183422
509479,        movieId  rating  days
custId                       
509479    15887       4  2227
509479    16128       4  2227,33455,0.34855186427088597,0.0
1156621,         movieId  rating  days
custId                        
1156621     8393       3  2098
1156621     3151       4  1930,498550,0.346817606075984,0.0
119359,        movieId  rating  days
custId                       
119359     6386       3  2083
119359     6437       4  2077,1617957,0.36729263003177726,0.0
1197891,         movieId  rating  days
custId                        
1197891     5085       4  1963
1197891    10699       4  2166,1197891,0.4626940197604577,2.986471266588035
2279225,         movieId  rating  days
custId                        
2279225    17302       4  2055
2279225     7745       4  2033,1039641,0.37387543347175783,0.0
2632674,         movieId  rating  days
custId                        
2632674    10747       5  2118
2632674    17157       5  1911,2315241,0.3729879525532911,0.0
614058,        movieId  rating  days
custId                       
614058     9049       4  1652
614058     9628       5  1786,738784,0.35442137633792525,0.0
1222024,         movieId  rating  days
custId                        
1222024     5035       3   116
1222024    11234       4   116,1222024,0.4191227021927696,5.9846657478709195
679456,        movieId  rating  days
custId                       
679456    10168       3  1810
679456     8782       3  1821,1878057,0.34010031347568204,0.0
1836761,         movieId  rating  days
custId                        
1836761     1533       4  2093
1836761     1761       5  2105,1836761,0.7155128664648768,45.85232844028207
2500230,         movieId  rating  days
custId                        
2500230    10255       4  1457
2500230     4612       2  1438,2500230,0.4122408732647702,6.921190947080738
1318343,         movieId  rating  days
custId                        
1318343    16377       5  1930
1318343     6760       5  1918,566847,0.3482743789271403,0.0
502568,        movieId  rating  days
custId                       
502568     8782       3  1870
502568    10786       5  1900,502568,0.40646593849905055,3.3842151874999775
1687114,         movieId  rating  days
custId                        
1687114    13359       5  1618
1687114     1470       4  1559,2563334,0.345715708963474,0.0
2095122,         movieId  rating  days
custId                        
2095122    17536       5  2102
2095122     2016       4  1717,2095122,0.4401528048805341,4.941361169966073
1278506,         movieId  rating  days
custId                        
1278506     9340       4  2008
1278506    13651       4  1994,1316870,0.3350790066590351,0.0
1445269,         movieId  rating  days
custId                        
1445269     9774       4  2054
1445269    14240       5  2076,1518925,0.3877115517192336,0.0
171756,        movieId  rating  days
custId                       
171756     9617       2  1876
171756     4972       3  1863,376614,0.34776864501791716,0.0
143889,        movieId  rating  days
custId                       
143889     6702       3  2066
143889      473       4  2003,143889,0.3898751188825591,4.306232837334782
2341783,         movieId  rating  days
custId                        
2341783     4829       3  1949
2341783     2372       3  1950,1070629,0.3597888803462883,0.0
2082170,         movieId  rating  days
custId                        
2082170    10358       3  2028
2082170      571       3   924,2232565,0.3396653486002458,0.0
1682161,         movieId  rating  days
custId                        
1682161     3890       2  1855
1682161    14590       4  1677,1682161,0.3778392919375282,3.43172771606884
315636,        movieId  rating  days
custId                       
315636     6555       4  1504
315636     4389       4  1485,315636,0.3747407141179513,0.0
1130750,         movieId  rating  days
custId                        
1130750    13651       3  1970
1130750     9111       5  2128,1130750,0.3475198998287359,2.6134219563499803
498294,        movieId  rating  days
custId                       
498294    12672       3  1958
498294    14928       3  2141,1027400,0.3433034480754037,0.0
2242801,         movieId  rating  days
custId                        
2242801    14725       4  2138
2242801     8782       5  2134,2472838,0.3437049978373912,0.0
1429718,         movieId  rating  days
custId                        
1429718     4353       4  1890
1429718     9208       4  1848,1759078,0.41568877149042754,0.0
627315,        movieId  rating  days
custId                       
627315     8764       3  1113
627315     8099       5  1272,627315,0.3690678414418386,4.310124986254981
719728,        movieId  rating  days
custId                       
719728    13081       3  2023
719728     1833       1  1752,719728,0.36889224635030626,3.028766446881937
2611569,         movieId  rating  days
custId                        
2611569     2372       5  1913
2611569    11182       4  2025,2281142,0.34193894539274594,0.0
2157073,         movieId  rating  days
custId                        
2157073       33       5  1551
2157073    10363       4  1567,2504578,0.42129759867651273,0.0
1517221,         movieId  rating  days
custId                        
1517221    12873       1  2099
1517221     3671       3  2054,1517221,0.7646648655340826,118.31336709086139
1034072,         movieId  rating  days
custId                        
1034072     4149       4  2195
1034072     7661       3  2176,1034072,0.4600577548523529,0.0
1104885,         movieId  rating  days
custId                        
1104885     7234       5  2228
1104885     8840       5  2227,810926,0.3503368010437109,0.0
500286,        movieId  rating  days
custId                       
500286    10168       2  1747
500286     5731       2  1885,500286,0.4155446823105117,4.327890526705916
1152634,         movieId  rating  days
custId                        
1152634     6190       5  1837
1152634    11103       5  1669,1152634,0.467176482524413,19.126165387154153
1671000,         movieId  rating  days
custId                        
1671000     5997       3  2106
1671000     1703       5  2126,2269575,0.3758501454496196,0.0
875683,        movieId  rating  days
custId                       
875683    17251       2  2142
875683     5582       5  1934,875683,0.3785337661017179,2.5642867444641375
71030,        movieId  rating  days
custId                       
71030      6134       4  2066
71030     12513       4  2136,1062070,0.3656628882736874,0.0
1772011,         movieId  rating  days
custId                        
1772011    16423       3  1453
1772011    13010       4  1597,1772011,0.5872697309424795,46.330787094436516
2612096,         movieId  rating  days
custId                        
2612096     2372       4  1909
2612096     2122       5  1904,264200,0.3419621126595801,0.0
2158696,         movieId  rating  days
custId                        
2158696     5318       5  1608
2158696    16707       5  1593,2506724,0.3541124109847712,0.0
490103,        movieId  rating  days
custId                       
490103    14367       4  2081
490103    10090       5  1903,490103,0.4302062723337444,2.7503041041794303
1817599,         movieId  rating  days
custId                        
1817599       58       4  1763
1817599     3925       4  1856,1817599,0.3775531153341549,0.0
879664,        movieId  rating  days
custId                       
879664     7633       5  2069
879664     5922       4  1930,879664,0.41033468376393856,0.0
2295385,         movieId  rating  days
custId                        
2295385     4577       4  1868
2295385    14412       5  1883,652724,0.3927972910609784,0.0
1634160,         movieId  rating  days
custId                        
1634160    14149       4  1753
1634160     7234       3  1745,1882796,0.3387634994273643,0.0
1194688,         movieId  rating  days
custId                        
1194688     4745       4  2194
1194688    11307       5  2098,1194688,0.3857018646427076,7.1161183980536755
1140367,         movieId  rating  days
custId                        
1140367    10433       5  2205
1140367    11378       5  1729,1140367,0.4154207480419362,6.078793552039181
2643954,         movieId  rating  days
custId                        
2643954    12672       3  1812
2643954    16139       5   452,2643954,0.3416647110688117,2.7792525083074735
566098,        movieId  rating  days
custId                       
566098    13651       5  2146
566098    11812       2  2119,566098,0.3425963908379621,0.0
116099,        movieId  rating  days
custId                       
116099    11271       5  2139
116099     5496       5  2156,618546,0.3633324517538643,0.0
1708495,         movieId  rating  days
custId                        
1708495    12090       4  1915
1708495     2162       5  1894,1805887,0.39029835397707324,0.0
1921182,         movieId  rating  days
custId                        
1921182    14855       4  2178
1921182     8524       5  2230,2102777,0.3961760170997147,0.0
574142,        movieId  rating  days
custId                       
574142    16082       3  1957
574142    15107       3  1935,969564,0.33978686354103704,0.0
1175366,         movieId  rating  days
custId                        
1175366     2372       3  1911
1175366     2612       3  1439,2401492,0.3448964980517046,0.0
928208,        movieId  rating  days
custId                       
928208    17188       4  1538
928208    13493       4  1870,928208,0.40567895210950355,4.306102959380409
952944,        movieId  rating  days
custId                       
952944        5       3  2239
952944    10598       4  2215,952944,0.48809134868846854,18.21679818901889
460141,        movieId  rating  days
custId                       
460141     7234       5  2137
460141    11812       5  2143,2348258,0.3410047025491265,0.0
2036500,         movieId  rating  days
custId                        
2036500    17479       3  1530
2036500     8976       3  1260,2036500,0.38206537702898197,3.892661558288055
2515413,         movieId  rating  days
custId                        
2515413     4123       4  2144
2515413     2152       5  2141,481358,0.3374760670313236,0.0
