custId,score,eccentricity
2196688,         movieId  rating  days
custId                        
2196688    14364       3  1380
2196688     6868       2  1855
2196688    17355       3  1843
2196688     8524       2  1933,1527431,0.5731337928610263,0.0
1159805,         movieId  rating  days
custId                        
1159805     2922       1  1920
1159805    15443       2   770
1159805    17730       3  2045
1159805     5845       5   649,1159805,0.6459529716178036,17.7607368984512
953694,        movieId  rating  days
custId                       
953694    12158       4  2131
953694     5430       2  2123
953694     6287       4  1976
953694    11812       3    65,953694,0.5794386885279038,4.734144881901715
2378204,         movieId  rating  days
custId                        
2378204     6510       4   616
2378204    11652       3  1878
2378204    13593       4   616
2378204    10620       5  1541,2378204,0.5943599723917832,5.6282366258132415
1371078,         movieId  rating  days
custId                        
1371078     2857       5  2191
1371078    13273       5  2000
1371078    10266       5  2092
1371078    12780       2   886,1371078,0.7925198799233165,14.244165029826195
1586291,         movieId  rating  days
custId                        
1586291    16788       2   264
1586291     8317       3   131
1586291    12513       2   264
1586291     2452       2   369,1586291,0.587430990400478,8.958246079721103
2071398,         movieId  rating  days
custId                        
2071398     7343       1  2078
2071398      846       2  2072
2071398    14367       2  2073
2071398    12694       4  1674,2071398,0.6334180518033801,7.332729792107943
821137,        movieId  rating  days
custId                       
821137    15922       4  2032
821137    13462       3  1549
821137      985       4   804
821137    16995       5   724,821137,0.5235795987552669,1.3935662418354178
802657,        movieId  rating  days
custId                       
802657    13050       3  1305
802657    15474       4  1955
802657     7586       4  1900
802657    14644       4  2240,802657,0.5660394575938745,2.6766084976383193
423343,        movieId  rating  days
custId                       
423343       17       1  2188
423343    11840       5  2195
423343    14671       5  2193
423343    16459       2   586,423343,0.6778270378570065,20.253333253557088
690892,        movieId  rating  days
custId                       
690892     3638       4  1967
690892     2372       5  1963
690892    13081       5  2165
690892    16567       1  1269,690892,0.5135949525335088,1.322646801537268
1939881,         movieId  rating  days
custId                        
1939881     2152       1  2189
1939881    14660       3  2193
1939881    17169       3  2188
1939881     6355       4  1527,1939881,0.5088196024903539,0.0
1307159,         movieId  rating  days
custId                        
1307159    16377       5  1976
1307159     2779       5  2139
1307159     6661       5  2000
1307159    14571       2   518,1307159,0.5702063431896187,2.748655950552784
2628190,         movieId  rating  days
custId                        
2628190    14587       4  1999
2628190     4177       5  1971
2628190    13666       5  1998
2628190     2578       3   571,2628190,0.8677379865712583,17.289244865201848
2236399,         movieId  rating  days
custId                        
2236399     3611       1  1362
2236399     2262       3  1393
2236399    10305       3  1610
2236399    16770       5  1740,2236399,0.7376091116498019,30.48855546659699
1500296,         movieId  rating  days
custId                        
1500296     8687       3  2221
1500296     4123       5  2221
1500296     7240       3  2216
1500296    16139       5  2139,672040,0.5234836322651333,0.0
1647647,         movieId  rating  days
custId                        
1647647     7040       5  1957
1647647     7617       5  1959
1647647    16882       5  1956
1647647    12918       5  1177,1329474,0.6079035964800512,0.0
2413120,         movieId  rating  days
custId                        
2413120    15472       4   583
2413120     1542       4   588
2413120     4123       3   589
2413120     7395       5   740,2413120,0.522177099704761,1.9106081757173028
1247541,         movieId  rating  days
custId                        
1247541     6029       4  2121
1247541    13230       4  2231
1247541     8177       5  2176
1247541    16580       2  1144,1247541,0.6198702759535213,7.092904963765893
2212242,         movieId  rating  days
custId                        
2212242    11173       4  1840
2212242     6807       5  1862
2212242    16272       5  1860
2212242    17767       3   143,2212242,0.5735398653630298,2.598315061560596
213750,        movieId  rating  days
custId                       
213750     5033       3  1961
213750    11593       4  1968
213750     8904       3  1847
213750     9080       5  1170,213750,0.6363638923713985,7.111531442859653
116353,        movieId  rating  days
custId                       
116353     6386       3  1818
116353    12734       2  1943
116353    10471       3  1932
116353     7324       5   957,116353,0.6919414774307745,8.339764975540088
2179800,         movieId  rating  days
custId                        
2179800      947       3  2213
2179800    12870       4  2142
2179800    16236       4  2146
2179800      395       5  1664,2179800,0.6515970830781664,5.6711355070724
1871482,         movieId  rating  days
custId                        
1871482     7221       3  2104
1871482     2782       5  2097
1871482     2389       3  2100
1871482     8764       4   233,471023,0.5904215319859024,0.06229713963947279
2034245,         movieId  rating  days
custId                        
2034245     6025       4  2190
2034245    17324       4  2213
2034245      299       5  2185
2034245     9760       3   323,2034245,0.6353294543351717,7.891144220332792
1829758,         movieId  rating  days
custId                        
1829758    11134       5  2079
1829758     5317       5  2033
1829758     4996       3  2029
1829758    15646       1   185,717546,0.5311864553619124,0.0
1871090,         movieId  rating  days
custId                        
1871090    17482       3  2130
1871090    11149       1  2132
1871090     1020       4  2136
1871090     1741       4  1346,609754,0.580085677492982,0.4989594953591137
1241671,         movieId  rating  days
custId                        
1241671     7158       5  2139
1241671     3860       4  2139
1241671     3078       5  2141
1241671     9728       5  1868,799026,0.6590444343025382,0.0
1509146,         movieId  rating  days
custId                        
1509146     3371       5  1999
1509146    12966       3  2094
1509146    14651       3  2077
1509146    15198       3   112,1509146,0.5997596070669308,3.406067784592323
43671,        movieId  rating  days
custId                       
43671     12238       3  1121
43671      3371       5  1508
43671      5245       5  1295
43671      2877       2    24,43671,0.7673383753623101,9.599473786339967
1647962,         movieId  rating  days
custId                        
1647962    14274       4  2140
1647962     7569       5  2130
1647962     3282       3  2143
1647962    14828       3    62,1647962,0.5977719804897339,2.498252440580373
887553,        movieId  rating  days
custId                       
887553     6844       3  2188
887553    14185       4  2191
887553     9340       4  2053
887553    14538       3  1455,1210065,0.5210919993261008,0.0
1799634,         movieId  rating  days
custId                        
1799634     2422       1  2138
1799634     5991       3  2163
1799634    11745       2  2155
1799634    13955       1  1516,1799634,0.5827511807223099,2.99344588303044
1676718,         movieId  rating  days
custId                        
1676718     2112       3  1488
1676718    13887       3  1920
1676718     4141       3  1021
1676718    11182       2   357,1676718,0.5490212384927844,0.16700624767729183
639156,        movieId  rating  days
custId                       
639156    15124       5  2160
639156     9340       3  2163
639156    13651       5  2162
639156     6972       2   189,2529901,0.5808204853595009,0.0
1541787,         movieId  rating  days
custId                        
1541787    15788       2  1833
1541787     2015       5  1965
1541787     7381       2  1716
1541787      445       3  2208,1541787,0.6776264925938048,11.750205458192506
587629,        movieId  rating  days
custId                       
587629    16242       4  2157
587629    15124       5  2154
587629    11315       5  2154
587629    16954       1  2035,889667,0.5143867370010782,0.0
554146,        movieId  rating  days
custId                       
554146     1834       4  1975
554146     7589       4  1971
554146    16926       4  1985
554146    12732       1  1494,554146,0.7211523528743385,15.611285179487231
1043223,         movieId  rating  days
custId                        
1043223     3860       2  2008
1043223     5401       3  2078
1043223    12690       5  1990
1043223    11891       3    25,1043223,0.5218036863509155,2.0153536906606684
1800851,         movieId  rating  days
custId                        
1800851    12435       5  2201
1800851     9205       5  2201
1800851    17088       5  2176
1800851     7624       4  1593,140781,0.5275298085853336,0.0
1077141,         movieId  rating  days
custId                        
1077141     3551       3  2197
1077141      760       3  2175
1077141    14664       5  1971
1077141    17328       1   717,1077141,0.62089806104155,8.59308859686706
1743608,         movieId  rating  days
custId                        
1743608     6037       3  2142
1743608     2372       5  2148
1743608     1719       4  2219
1743608    13273       5  1460,1743608,0.5183442547796413,1.8918115431494367
1159529,         movieId  rating  days
custId                        
1159529     6482       5  1989
1159529    10550       4  1817
1159529     2452       5  2240
1159529     4389       3  2145,1159529,0.5222628920190129,1.2472582504520353
499155,        movieId  rating  days
custId                       
499155    10429       3  1896
499155       28       3  1897
499155    14621       5  1899
499155     8438       1   473,1019340,0.5468324244074478,0.0
153388,        movieId  rating  days
custId                       
153388     4271       4  1913
153388    15425       3  2139
153388    13614       5  2132
153388    15424       2  1185,153388,0.563382278558193,2.077640692244655
2546831,         movieId  rating  days
custId                        
2546831     3925       4  1510
2546831    10080       5  1695
2546831    10550       4  1743
2546831     8498       4  1037,2546831,0.5410606669677829,0.8981721990475089
809304,        movieId  rating  days
custId                       
809304    14103       5  1958
809304    17622       5  2037
809304     6287       5  1971
809304     1703       4   764,809304,0.6105380388189636,2.901374547491607
75131,        movieId  rating  days
custId                       
75131     17324       5  2033
75131     13102       5  2039
75131     16765       1  2036
75131     11064       4   744,1460874,0.5212995624694534,0.0
1146943,         movieId  rating  days
custId                        
1146943    12343       3  2058
1146943    12034       3  2059
1146943     2992       1  1790
1146943     4315       4  1749,1146943,0.5390794698696804,2.4636604533661677
2042249,         movieId  rating  days
custId                        
2042249     7617       5  2169
2042249    11271       5  2173
2042249    11283       5  2170
2042249     9756       3  2107,2259263,0.6146482164914753,0.0
1642525,         movieId  rating  days
custId                        
1642525    16183       4  2106
1642525     3427       5  1188
1642525     6555       4  1230
1642525    17359       1   575,1642525,0.5623408402575387,6.358589317538417
2315766,         movieId  rating  days
custId                        
2315766     7635       3  1881
2315766    17303       3  1872
2315766    17764       3  1887
2315766    15394       4  2138,2315766,0.6521075804630468,1.7613419280931268
2521387,         movieId  rating  days
custId                        
2521387    12470       3  1434
2521387    15124       4  1587
2521387     3256       3  1586
2521387    14644       4   719,2521387,0.5229960919679209,1.4607665269611423
636515,        movieId  rating  days
custId                       
636515     8295       4  1671
636515    11837       3  1667
636515    10359       3  1670
636515    11279       5   198,1070547,0.6270597126891152,0.0
1435087,         movieId  rating  days
custId                        
1435087     6287       5  1612
1435087    16552       5  1617
1435087    15424       3  1624
1435087     7523       5  1881,1338697,0.5594054418531383,0.25276221435194907
482951,        movieId  rating  days
custId                       
482951     6868       4  1858
482951    12494       3  1769
482951     3617       3  2011
482951    11822       2   373,482951,0.5921312057077474,3.159455392595068
2462751,         movieId  rating  days
custId                        
2462751     8743       3  1746
2462751    13748       5  1745
2462751    10886       3  1781
2462751     7416       3  1990,2462751,0.5560272416058858,2.619971185198393
805969,        movieId  rating  days
custId                       
805969    17149       5  1624
805969     9340       5  1679
805969     5345       4  1955
805969     1102       5  1291,805969,0.6067621783191011,1.7561798638785637
2587433,         movieId  rating  days
custId                        
2587433    16522       4  1938
2587433    12679       3  1898
2587433    14829       3  1861
2587433    13327       3  1812,2587433,0.6347916670830105,3.3526852989612355
2010391,         movieId  rating  days
custId                        
2010391    13081       5  1950
2010391    13486       4  1851
2010391    14718       4  1878
2010391    11314       4  1412,291238,0.5561546731599063,0.04684175700110468
1572569,         movieId  rating  days
custId                        
1572569     5991       4  2128
1572569    17169       4  2163
1572569     5320       3  2178
1572569     9939       5  1940,2189753,0.5419366007286439,0.0
922263,        movieId  rating  days
custId                       
922263    14727       1  1362
922263    10732       3  1504
922263     8387       4  1370
922263     4640       3   440,922263,0.6793034018599435,7.457403714543326
1383197,         movieId  rating  days
custId                        
1383197    10550       3  1765
1383197     3522       3  1487
1383197     5085       3  1528
1383197     8045       2  1171,1383197,0.5427092638432427,0.0
2471938,         movieId  rating  days
custId                        
2471938    12870       4  2175
2471938    13651       4  2169
2471938     6720       5  2166
2471938    14382       4   465,268049,0.5236532034434412,0.0
2107548,         movieId  rating  days
custId                        
2107548    11837       1  2076
2107548    16139       2  2076
2107548    14660       1  2073
2107548    11149       4  1400,2107548,0.607521605816619,2.311328964017443
234761,        movieId  rating  days
custId                       
234761    15151       2  2113
234761     3433       4  2109
234761    12343       4  2110
234761    14890       1  2024,1690520,0.5393471856769639,0.0
2376730,         movieId  rating  days
custId                        
2376730     5561       5  1909
2376730     9798       3  2096
2376730     7937       2  1933
2376730    16792       3  1558,2376730,0.6599956726449021,5.690488955279859
1107249,         movieId  rating  days
custId                        
1107249     1220       3  2081
1107249    11051       5  2076
1107249      483       3  2045
1107249     8470       4   234,1107249,0.5432362093704762,2.4038723184995043
1043687,         movieId  rating  days
custId                        
1043687    11888       3  2088
1043687    11315       4  2183
1043687     2389       5  2088
1043687     6287       5  1742,1043687,0.5703329913499594,0.22090972863164446
471801,        movieId  rating  days
custId                       
471801    16703       1  1873
471801    16220       3  1541
471801     5732       4  1800
471801    11451       2  1767,471801,0.5810660881799676,6.572233424012862
249049,        movieId  rating  days
custId                       
249049      199       1  1988
249049    10392       3  1855
249049     5401       4  1921
249049    12911       1   767,249049,0.648518086905233,8.01312694478609
739521,        movieId  rating  days
custId                       
739521    14060       2  2213
739521      474       5  2209
739521    10231       5  2220
739521    13129       3   980,739521,0.6726636860452231,6.132582216733706
2292709,         movieId  rating  days
custId                        
2292709     5320       4  2097
2292709     6475       4  2010
2292709     1092       3  1844
2292709    12096       4  1207,2292709,0.6026954570035371,2.235078897591455
407323,        movieId  rating  days
custId                       
407323     2578       4  1576
407323    17071       3  1477
407323     3355       5  1558
407323     6720       1    98,407323,0.6239976773883186,8.39708022283893
1920415,         movieId  rating  days
custId                        
1920415    16082       5  1795
1920415     5843       5  1796
1920415    14296       4  1798
1920415      457       2   400,1920415,0.5658395555484492,5.022484826860054
1265488,         movieId  rating  days
custId                        
1265488    10281       3  1784
1265488    12102       5  1594
1265488    16384       5  1714
1265488     1367       4    55,1265488,0.6908689373277495,8.105059969167737
1539717,         movieId  rating  days
custId                        
1539717     5363       3  1652
1539717     8644       3  1655
1539717    13439       4  1653
1539717     3917       3  2218,808888,0.6287761853602167,0.0
1383694,         movieId  rating  days
custId                        
1383694    13488       2  2069
1383694    10123       3  2077
1383694    12470       2  2067
1383694    11888       5  2057,1383694,0.6264762366462515,2.1144594360468707
489794,        movieId  rating  days
custId                       
489794     8301       4  1819
489794     9617       3  1822
489794     6030       5  1821
489794    17426       1    99,489794,0.6465665430015779,2.964622929734474
822726,        movieId  rating  days
custId                       
822726     7364       4  2141
822726    15062       3  2144
822726     5317       5  2144
822726     6972       3    46,492092,0.5157958250383237,0.0
362750,        movieId  rating  days
custId                       
362750     6037       5  2168
362750    16377       4  2158
362750     8954       5  2184
362750     7253       4   708,362750,0.6289600941367071,1.7572710076105988
2295117,         movieId  rating  days
custId                        
2295117     3282       4  2164
2295117     8636       4  1536
2295117     9592       3  2170
2295117    11677       2  2166,2295117,0.5232673561664716,0.06309642276569447
671045,        movieId  rating  days
custId                       
671045     9591       4  2222
671045    17307       4  2212
671045     6972       3  2208
671045     4996       5   900,671045,0.5625667110747126,2.017942344661621
506271,        movieId  rating  days
custId                       
506271    12155       4  1960
506271     7331       2  1764
506271     6060       2  1646
506271    16882       2   632,506271,0.5373528353618292,0.0
182897,        movieId  rating  days
custId                       
182897    12530       5  2079
182897    14601       5  1926
182897     1365       4  1928
182897    17328       1   460,182897,0.6536011090572738,4.592475364595328
2227421,         movieId  rating  days
custId                        
2227421     6162       4  1827
2227421    13195       3  1841
2227421     1594       3  1873
2227421     2462       3   696,2227421,0.6781173166028385,8.472408206242148
1949215,         movieId  rating  days
custId                        
1949215    16879       5  1967
1949215    16075       3  1970
1949215     5181       3  1689
1949215     5472       3  1713,2090792,0.5350015192662263,0.03983555158169144
2046969,         movieId  rating  days
custId                        
2046969     9256       2  2170
2046969    11164       3  2151
2046969     8784       3  2173
2046969    17402       3  1697,2046969,0.6683994650537148,11.551356049181651
1450590,         movieId  rating  days
custId                        
1450590    11090       4  1119
1450590    15646       4  2004
1450590      143       4  1494
1450590    15474       5  1525,1450590,0.560096782634212,1.8646609724617604
788900,        movieId  rating  days
custId                       
788900     3290       4  1657
788900    15788       4  1927
788900    12605       5  1927
788900     3756       3   428,788900,0.6202224820800268,3.4060023391415197
866907,        movieId  rating  days
custId                       
866907     6029       5  1718
866907    11503       5  1714
866907    10890       5  1697
866907    16882       2   931,866907,0.6356452330317268,3.8754922250815484
989193,        movieId  rating  days
custId                       
989193    10358       1  2007
989193     4996       3  1584
989193    11443       2  1882
989193    12494       1   120,989193,0.5120409395018672,2.0934697476038515
2385034,         movieId  rating  days
custId                        
2385034      406       3  2138
2385034     5071       3  2143
2385034    14621       4  2054
2385034     4656       3  1114,2385034,0.5527553590395746,0.002548482591209659
338246,        movieId  rating  days
custId                       
338246    16046       2  2048
338246     3650       3  2080
338246    11443       5  2089
338246     2690       5  1297,338246,0.6165907241632942,0.8208475512766037
849566,        movieId  rating  days
custId                       
849566     3368       4  1814
849566    12305       4  1928
849566     1703       4  1924
849566    13636       4  1839,706274,0.5486614213394106,0.0
678223,        movieId  rating  days
custId                       
678223     1102       5  1491
678223    14584       3  1595
678223     9475       3  1769
678223     7067       5   227,678223,0.6263985217563506,7.970628942969253
210736,        movieId  rating  days
custId                       
210736    14367       3   575
210736     3427       4  1573
210736    11445       4  1684
210736     7624       4   249,210736,0.6995894842452917,6.222919095730738
1455810,         movieId  rating  days
custId                        
1455810    16668       4  1315
1455810     5589       2  1203
1455810    16565       3  1192
1455810     2254       3   868,1455810,0.6518978299874018,4.460613698076834
1638147,         movieId  rating  days
custId                        
1638147    11022       5  2215
1638147     4255       4  2068
1638147    13139       4  2059
1638147     1998       2  1855,1638147,0.6575054833389413,9.722770912221215
2272685,         movieId  rating  days
custId                        
2272685     6972       5  2113
2272685     9340       4  2114
2272685     3427       4  2113
2272685     6692       5   953,239551,0.585968735852257,0.0
