custId,score,eccentricity
2067851,         movieId  rating  days
custId                        
2067851    10918       5  1916
2067851     1542       3  1655
2067851     3371       5  1696
2067851     8782       1  1301,2067851,0.5887078658083738,2.40429071210143
2319439,         movieId  rating  days
custId                        
2319439     7234       2  2156
2319439    11677       3  2160
2319439     8904       4  2142
2319439    13728       1  1542,404160,0.507507423718512,0.0
1695832,         movieId  rating  days
custId                        
1695832     8387       4  1625
1695832    12232       2  1651
1695832    15107       3  1605
1695832    15124       4   712,1695832,0.587001617241222,1.3561533481719095
760146,        movieId  rating  days
custId                       
760146    15425       4  1931
760146     1151       4  2025
760146    12054       3  1957
760146     1138       5   151,760146,0.6203875494193614,6.782918858889212
436654,        movieId  rating  days
custId                       
436654    14410       5  2127
436654    11443       5  2111
436654     6972       3  2113
436654     6287       5   782,1447023,0.5897738024243244,0.0
1753104,         movieId  rating  days
custId                        
1753104    14644       3  1852
1753104     7904       3  1382
1753104      367       2  1488
1753104     4563       2  1442,1753104,0.5648901674688629,2.205225067902781
2457450,         movieId  rating  days
custId                        
2457450     2152       5  2042
2457450     1145       5  2057
2457450    15436       5  2045
2457450     9340       2  1933,2457450,0.5278704345517327,0.0
1159805,         movieId  rating  days
custId                        
1159805     2922       1  1925
1159805    15443       2   775
1159805    17730       3  2050
1159805     5845       5   649,1159805,0.6459529716178036,17.809737291160207
953694,        movieId  rating  days
custId                       
953694    12158       4  2136
953694     5430       2  2113
953694     6287       4  1989
953694    11812       3    65,953694,0.5794386885279038,4.750792563687084
2378204,         movieId  rating  days
custId                        
2378204     6510       4   629
2378204    11652       3  1891
2378204    13593       4   629
2378204    10620       5  1541,2378204,0.5943599723917832,2.3083385938887644
1371078,         movieId  rating  days
custId                        
1371078     2857       5  2180
1371078    13273       5  2005
1371078    10266       5  2081
1371078    12780       2   886,1371078,0.7925198799233165,14.281809212780098
1586291,         movieId  rating  days
custId                        
1586291    16788       2   261
1586291     8317       3   136
1586291    12513       2   273
1586291     2452       5   369,1586291,0.6713412287151961,7.2814315698398415
2071398,         movieId  rating  days
custId                        
2071398     7343       1  2069
2071398      846       2  2077
2071398    14367       2  2086
2071398    12694       4  1674,2071398,0.6334180518033801,7.469630868711654
821137,        movieId  rating  days
custId                       
821137    15922       4  2021
821137    13462       3  1546
821137      985       4   801
821137    16995       5   724,821137,0.5235795987552669,1.3964794031971015
802657,        movieId  rating  days
custId                       
802657    13050       3  1310
802657    15474       4  1944
802657     7586       4  1899
802657    14644       4  2240,802657,0.5660394575938745,2.674802807034696
423343,        movieId  rating  days
custId                       
423343       17       1  2201
423343    11840       5  2192
423343    14671       5  2198
423343    16459       2   586,423343,0.6778270378570065,20.686734513001706
690892,        movieId  rating  days
custId                       
690892     3638       4  1957
690892     2372       5  1956
690892    13081       5  2171
690892    16567       2  1269,690892,0.5135949525335088,1.6907515281989267
1939881,         movieId  rating  days
custId                        
1939881     2152       1  2186
1939881    14660       3  2190
1939881    17169       3  2193
1939881     6355       4  1527,585774,0.5088196024903539,0.0
1307159,         movieId  rating  days
custId                        
1307159    16377       5  1973
1307159     2779       5  2147
1307159     6661       5  2004
1307159    14571       5  1706,1307159,0.6886823422485149,2.6430749674476974
2628190,         movieId  rating  days
custId                        
2628190    14587       4  1984
2628190     4177       5  1971
2628190    13666       5  2009
2628190     2578       3   308,2628190,0.8677379865712583,25.71511978686324
2504252,         movieId  rating  days
custId                        
2504252     6386       3  2164
2504252    12435       3  2171
2504252     2152       5  2172
2504252    12470       1  1036,2481181,0.5114413950064398,0.0
727676,        movieId  rating  days
custId                       
727676     1861       4   899
727676     2734       4  1414
727676     3936       4   915
727676    14312       1   810,727676,0.5787104144652834,3.6516522466290895
267579,        movieId  rating  days
custId                       
267579     4972       4  2224
267579    12870       5  2131
267579    10123       4  2117
267579    11022       2    65,267579,0.523732344588341,1.7052887452513148
2453086,         movieId  rating  days
custId                        
2453086      406       4  2164
2453086     2372       4  1888
2453086     6833       3  1892
2453086     9442       3  1733,2638916,0.5375105076494481,0.0
543597,        movieId  rating  days
custId                       
543597     9340       4  2047
543597    13398       4  2040
543597    14538       4  2026
543597    16668       5  1119,268279,0.5455992560810239,0.0
1455175,         movieId  rating  days
custId                        
1455175    14330       3  1953
1455175     8582       3  1946
1455175    10986       5  1932
1455175    11521       5  1747,1455175,0.9158477217215276,11.869552505590546
1963627,         movieId  rating  days
custId                        
1963627    17328       4  2037
1963627    17178       5  2041
1963627     1145       3  1884
1963627    12732       4  1661,1963627,0.6007105649504648,1.9519259075991164
1379970,         movieId  rating  days
custId                        
1379970    11663       5  2188
1379970     2456       4  2177
1379970    15164       4  2187
1379970    15472       4  1524,1379970,0.6156248212070209,2.6896895890150896
1654518,         movieId  rating  days
custId                        
1654518     6860       3  1647
1654518    12911       2   718
1654518     6497       3  1679
1654518     4656       1  1086,1654518,0.5302652314935945,4.78967979131649
2618903,         movieId  rating  days
custId                        
2618903    15582       4  2109
2618903    16242       3  2122
2618903     6972       4  2101
2618903     5317       3  1630,2413700,0.5777913595996625,0.0
1745902,         movieId  rating  days
custId                        
1745902     6739       4  2101
1745902     1542       4  2074
1745902     1659       3  2055
1745902    13493       5  1150,1745902,0.6379742787548387,3.908465667437027
965477,        movieId  rating  days
custId                       
965477    11590       2  2120
965477    13914       5  1818
965477     6030       5  2145
965477    16384       4    77,965477,0.7382868522558829,8.876977802807824
1959229,         movieId  rating  days
custId                        
1959229     6134       5  2070
1959229    16522       5  2057
1959229     4739       3  2078
1959229     5496       1  2100,1959229,0.5510983358508152,2.821842206517426
789421,        movieId  rating  days
custId                       
789421    16912       4  1975
789421     3456       5  2146
789421    14621       3  1974
789421     4227       5  1170,789421,0.584498002076518,2.5617222328803084
116353,        movieId  rating  days
custId                       
116353     6386       3  1815
116353    12734       2  1947
116353    10471       3  1922
116353     7324       5   957,116353,0.6919414774307745,8.359391070334107
2179800,         movieId  rating  days
custId                        
2179800      947       3  2218
2179800    12870       4  2131
2179800    16236       4  2149
2179800      395       2  2000,2179800,0.6515970830781664,5.704958517076414
1034266,         movieId  rating  days
custId                        
1034266     6029       4  1881
1034266    14918       4  2020
1034266    14410       2  1867
1034266    13007       2  1929,1034266,0.5403408905903719,2.5721656023436235
833014,        movieId  rating  days
custId                       
833014     1884       4  1104
833014     7624       5   623
833014    16082       3  1822
833014    16879       2  1619,833014,0.5497744395069304,4.0887429870783265
973327,        movieId  rating  days
custId                       
973327    16731       3  2051
973327    16343       5  1988
973327    13819       4  2073
973327     1756       1  1433,973327,0.6999839083702067,10.075042065006548
1843839,         movieId  rating  days
custId                        
1843839     3138       4  2000
1843839       58       3  1938
1843839    12834       5  1951
1843839     3274       5  1622,1843839,0.5929879312635109,0.04897249971039282
2389167,         movieId  rating  days
custId                        
2389167    12668       4  1916
2389167     3938       4  1878
2389167    15124       2  1513
2389167    16784       2  1595,2389167,0.5398543846518451,2.025832038073705
631112,        movieId  rating  days
custId                       
631112     4123       5  2183
631112    12818       5  2187
631112    13728       5  2202
631112    10378       4  1776,1471541,0.5390922501959302,0.03925617572052369
2391630,         movieId  rating  days
custId                        
2391630     1428       4  1815
2391630     8387       4  1798
2391630     6673       3  1803
2391630     4951       1   358,2391630,0.5399631521211234,0.0
2101064,         movieId  rating  days
custId                        
2101064    17171       4  2083
2101064     1173       4  2059
2101064    17324       5  2062
2101064    15124       5  1868,2101064,0.7433899042502103,1.6919922348992582
1509146,         movieId  rating  days
custId                        
1509146     3371       5  1988
1509146    12966       3  2083
1509146    14651       3  2079
1509146    15198       3   112,1509146,0.5997596070669308,3.305080514718509
43671,        movieId  rating  days
custId                       
43671     12238       3  1110
43671      3371       5  1497
43671      5245       5  1292
43671      2877       2    24,43671,0.7673383753623101,9.573391693384023
1647962,         movieId  rating  days
custId                        
1647962    14274       4  2141
1647962     7569       5  2137
1647962     3282       3  2143
1647962    14828       3    62,1647962,0.5977719804897339,2.50011687955847
887553,        movieId  rating  days
custId                       
887553     6844       3  2201
887553    14185       4  2180
887553     9340       4  2042
887553    14538       3  1455,1210065,0.5210919993261008,0.014266446241829855
1799634,         movieId  rating  days
custId                        
1799634     2422       1  2135
1799634     5991       3  2166
1799634    11745       2  2151
1799634    13955       3   697,1799634,0.5827511807223099,2.558815176476175
1095187,         movieId  rating  days
custId                        
1095187    15465       4  1830
1095187    12911       2  1828
1095187     8915       5  1838
1095187     7032       4   317,625300,0.5481968823206083,0.0
2258025,         movieId  rating  days
custId                        
2258025    10446       3  2238
2258025     2953       4  2234
2258025    13130       4  2228
2258025     3282       3   837,2258025,0.772086934508465,9.191989466561061
2236439,         movieId  rating  days
custId                        
2236439    16879       4  1959
2236439     7155       4  1979
2236439    11837       3  1968
2236439     1542       1  1947,460981,0.6120750071598676,0.0
319005,        movieId  rating  days
custId                       
319005     6842       3  1836
319005    11022       5  1839
319005     2457       3  1866
319005     7987       2   189,319005,0.6111006840469551,3.1112798538787123
1541787,         movieId  rating  days
custId                        
1541787    15788       2  1822
1541787     2015       5  1966
1541787     7381       2  1728
1541787      445       5  2208,1541787,0.5656090532129963,7.906552122786341
587629,        movieId  rating  days
custId                       
587629    16242       4  2146
587629    15124       5  2151
587629    11315       5  2143
587629    16954       1  2035,889667,0.5143867370010782,0.02623351605545581
554146,        movieId  rating  days
custId                       
554146     1834       4  1964
554146     7589       4  1969
554146    16926       4  1978
554146    12732       3  2009,554146,0.7211523528743385,8.940299228698429
189254,        movieId  rating  days
custId                       
189254    16879       4  1968
189254    15124       2  1904
189254     6099       3  1976
189254     9960       1  1356,189254,0.5074873024628935,1.8929658959305156
584839,        movieId  rating  days
custId                       
584839     5787       2  1418
584839     7544       3  1527
584839    12931       4  1497
584839     2375       5  1184,584839,0.5972435382519511,8.983253766091526
753105,        movieId  rating  days
custId                       
753105     8181       4  2062
753105    13728       5  2084
753105     9111       5  2059
753105    11888       5  2111,581952,0.6177605170486055,0.05671676764170416
1280528,         movieId  rating  days
custId                        
1280528    17692       5  1984
1280528    14367       3  1917
1280528     3840       4  1982
1280528    13748       4   719,1913414,0.5704067752150199,0.0
636515,        movieId  rating  days
custId                       
636515     8295       4  1656
636515    11837       3  1658
636515    10359       3  1663
636515    11279       3  1713,1166342,0.6270597126891152,0.0
148775,        movieId  rating  days
custId                       
148775     5227       5  1599
148775     8387       4  1398
148775     9882       4  2015
148775     4517       3  2106,148775,0.6670726063918191,4.38992042345528
1475206,         movieId  rating  days
custId                        
1475206     2391       3  1949
1475206     3938       4  1867
1475206    11022       5  1864
1475206      357       4  1719,1614880,0.6051548984360092,1.304526519608331
1209434,         movieId  rating  days
custId                        
1209434     4345       5  1720
1209434    13413       5  1725
1209434    10774       5  1728
1209434      571       3  2014,1209434,0.5648669272044737,0.0
568623,        movieId  rating  days
custId                       
568623     5788       5  2105
568623    10550       4  2107
568623    13524       5  2110
568623     9592       5  1311,568623,0.6291813277973879,1.877776791791354
