custId,score,eccentricity
669667,        movieId  rating  days
custId                       
669667     3962       4  2223
669667    12974       4  2219,482324,0.36282353174714865,0.0
2534687,         movieId  rating  days
custId                        
2534687     5732       4  1808
2534687     5237       2  1811,157221,0.37013592174187676,0.0
654281,        movieId  rating  days
custId                       
654281    17169       4  2222
654281     3282       4  2224,222290,0.3395807599759554,0.0
1088920,         movieId  rating  days
custId                        
1088920    16075       3  1886
1088920     3371       5  1590,2436557,0.3686032205245644,0.0
2571020,         movieId  rating  days
custId                        
2571020    14955       1  1825
2571020    12582       5  1693,2406477,0.38703188876393846,0.0
902725,        movieId  rating  days
custId                       
902725    13412       5  1991
902725    12792       2  1941,902725,0.38345385419581446,0.0
1594457,         movieId  rating  days
custId                        
1594457    14103       5  2116
1594457     6386       4  2117,2464867,0.33949124919546125,0.0
293590,        movieId  rating  days
custId                       
293590    17169       4  2184
293590    17293       4  2160,1249375,0.362850172632805,0.0
1801342,         movieId  rating  days
custId                        
1801342     4656       4  1098
1801342    17308       5  1319,2232644,0.3420033254771654,0.0
2403039,         movieId  rating  days
custId                        
2403039     7989       5  1198
2403039    17149       4  1630,2129437,0.37271486794958564,0.0
537168,        movieId  rating  days
custId                       
537168    14691       3  2145
537168    12966       3  2153,2614473,0.34122309940062234,0.0
1483217,         movieId  rating  days
custId                        
1483217    13651       5  2157
1483217     8181       3  2155,2539486,0.34589641842162844,0.0
579852,        movieId  rating  days
custId                       
579852    14215       1  2155
579852     8181       5  2117,579852,0.3557024531998575,4.104679389352809
1849597,         movieId  rating  days
custId                        
1849597     4432       5  2131
1849597      197       4  2137,443741,0.34414755609488157,0.0
418545,        movieId  rating  days
custId                       
418545     5732       5   442
418545     3148       4   437,2024335,0.3657552060771366,0.0
2243941,         movieId  rating  days
custId                        
2243941    16859       4  1781
2243941    16479       4  1828,2243941,0.464250051550892,8.081660802028711
633794,        movieId  rating  days
custId                       
633794    11051       5  1276
633794    16452       4  1278,400098,0.3738894385800646,0.0
850071,        movieId  rating  days
custId                       
850071    10759       2  2098
850071    14574       1  2129,2249201,0.3644384720015563,0.0
1245619,         movieId  rating  days
custId                        
1245619      443       5  2157
1245619     6697       4  2161,2087348,0.40574400104794045,0.0
2050297,         movieId  rating  days
custId                        
2050297     3905       4  1237
2050297      213       5  1672,2050297,0.4263601999807894,4.170855000633089
640736,        movieId  rating  days
custId                       
640736     3446       5  2056
640736    11089       4  2172,1196022,0.3609019997714261,0.0
1735652,         movieId  rating  days
custId                        
1735652     7406       4  1327
1735652    16760       4  1452,2576696,0.4057589681849859,0.0
12743,        movieId  rating  days
custId                       
12743       551       3  1580
12743      1833       2  1547,12743,0.40907151163708544,5.837356025151482
2115402,         movieId  rating  days
custId                        
2115402    17627       5  2208
2115402    17157       5  2206,953566,0.3425270244365034,0.0
1315400,         movieId  rating  days
custId                        
1315400     8393       5  2157
1315400     8107       4  2216,390233,0.36266153039552385,0.0
750495,        movieId  rating  days
custId                       
750495     5010       4  2114
750495    12966       4  2037,2578621,0.3864109694979938,0.0
726493,        movieId  rating  days
custId                       
726493     5571       4   413
726493     8269       1   411,726493,0.4280888369359772,4.091909494193317
1129557,         movieId  rating  days
custId                        
1129557     5819       4  1749
1129557     5926       4  1751,1129557,0.48109133284619315,6.285306662930351
1819122,         movieId  rating  days
custId                        
1819122    12238       3  1364
1819122     8524       4  1766,1819122,0.3886004285915823,4.039968473893878
1898764,         movieId  rating  days
custId                        
1898764     1060       1  2098
1898764     9939       1  2141,1898764,0.4073966217149003,0.0
1643946,         movieId  rating  days
custId                        
1643946    11040       5  2030
1643946    14822       4  2031,2092505,0.37898383079662756,0.0
515130,        movieId  rating  days
custId                       
515130    14476       2  1711
515130    16452       3  1768,515130,0.3729835387530436,0.0
1241819,         movieId  rating  days
custId                        
1241819    11283       2  2072
1241819     6739       5  2074,1241819,0.3475279305796194,0.0
1081159,         movieId  rating  days
custId                        
1081159    11307       4  2000
1081159     3333       4  1917,1383748,0.38935232747187287,0.0
340687,        movieId  rating  days
custId                       
340687     5656       4  1707
340687    11354       3  1822,340687,0.4387722830141172,6.264026048296802
530159,        movieId  rating  days
custId                       
530159    11191       5  1860
530159     4676       1  1998,530159,0.5367471004198194,7.370130161033637
1879841,         movieId  rating  days
custId                        
1879841     4253       4  1826
1879841     9155       3  1926,1879841,0.6297129734124989,34.076856132863725
679456,        movieId  rating  days
custId                       
679456    10168       3  1805
679456     8782       3  1808,888361,0.34010031347568204,0.0
1836761,         movieId  rating  days
custId                        
1836761     1533       4  2088
1836761     1761       5  2108,1836761,0.7155128664648768,45.189326780162844
2500230,         movieId  rating  days
custId                        
2500230    10255       4  1452
2500230     4612       2  1441,2500230,0.4122408732647702,6.937594703488012
1318343,         movieId  rating  days
custId                        
1318343    16377       5  1925
1318343     6760       5  1929,1486173,0.3482743789271403,0.0
502568,        movieId  rating  days
custId                       
502568     8782       3  1865
502568    10786       5  1903,502568,0.40646593849905055,3.4113755809444104
1687114,         movieId  rating  days
custId                        
1687114    13359       5  1613
1687114     1470       4  1546,1684811,0.345715708963474,0.0
2095122,         movieId  rating  days
custId                        
2095122    17536       5  2097
2095122     2016       4  1704,2095122,0.4401528048805341,4.900263946502521
1278506,         movieId  rating  days
custId                        
1278506     9340       4  2011
1278506    13651       4  1981,1278506,0.3350790066590351,0.0
1445269,         movieId  rating  days
custId                        
1445269     9774       4  2041
1445269    14240       5  2071,1445269,0.3877115517192336,2.230630885104306
171756,        movieId  rating  days
custId                       
171756     9617       2  1863
171756     4972       3  1866,748811,0.34776864501791716,0.0
143889,        movieId  rating  days
custId                       
143889     6702       3  2054
143889      473       4  2001,143889,0.3898751188825591,4.302734387512305
2387322,         movieId  rating  days
custId                        
2387322     5112       3  1945
2387322     2122       1  1946,256057,0.35088236704940723,0.0
2082170,         movieId  rating  days
custId                        
2082170    10358       3  2015
2082170      571       3   919,2082170,0.3396653486002458,0.0
1682161,         movieId  rating  days
custId                        
1682161     3890       2  1846
1682161    14590       4  1677,1682161,0.3778392919375282,3.421607419271138
1390957,         movieId  rating  days
custId                        
1390957     6068       5  2053
1390957     6972       5  2050,74320,0.3710246743929563,0.0
1176263,         movieId  rating  days
custId                        
1176263     5862       4  2023
1176263    14574       3  2018,436847,0.34238093575274897,0.0
2132889,         movieId  rating  days
custId                        
2132889    15205       3  2129
2132889    16242       3  2135,19824,0.3295243230719124,0.0
2575043,         movieId  rating  days
custId                        
2575043     5010       3   983
2575043     5628       3  1042,2107498,0.39428676120238904,0.0
631226,        movieId  rating  days
custId                       
631226      658       2  2126
631226    13462       1  2128,2250499,0.3582026817151915,0.0
505464,        movieId  rating  days
custId                       
505464     9037       5  2116
505464    16596       3  2111,505464,0.40817280093495123,5.63508446484208
995782,        movieId  rating  days
custId                       
995782    12310       4  2169
995782     6287       4  2124,1707912,0.46224323647278764,0.0
1945980,         movieId  rating  days
custId                        
1945980    11677       2  2157
1945980    10712       5  2160,1232450,0.38237471481431407,0.0
416073,        movieId  rating  days
custId                       
416073     4315       3  2054
416073    16113       3  2067,1807105,0.36497599269610426,0.0
2008837,         movieId  rating  days
custId                        
2008837    12232       1  2153
2008837    10899       3  2136,477466,0.366966917470378,0.0
1882830,         movieId  rating  days
custId                        
1882830    10369       4  1959
1882830     3023       5  1898,1882830,0.5209810724518411,14.667889539501578
1696706,         movieId  rating  days
custId                        
1696706     1810       1  2226
1696706    13081       1  2224,1696706,0.350729126738091,0.0
1771756,         movieId  rating  days
custId                        
1771756     4931       1  1907
1771756    12338       4  1856,2151618,0.36265945572470193,0.0
637629,        movieId  rating  days
custId                       
637629    12470       4  2215
637629    11283       5  2215,1469614,0.33063211972450335,0.0
1356553,         movieId  rating  days
custId                        
1356553    17671       5  2184
1356553     3756       2  2202,1356553,0.3782579081032409,0.0
2428438,         movieId  rating  days
custId                        
2428438    14313       5  1713
2428438     4640       5  1740,1884147,0.3345465781155673,0.0
1858928,         movieId  rating  days
custId                        
1858928     2913       4  1980
1858928     1632       5  1980,2523257,0.38328527900662257,0.0
563371,        movieId  rating  days
custId                       
563371    10583       5  1600
563371    10550       2  1723,563371,0.34298934265379655,0.0
1614808,         movieId  rating  days
custId                        
1614808     6859       4  1886
1614808     3333       3  1908,712683,0.3488646141434263,0.0
2137364,         movieId  rating  days
custId                        
2137364     5496       4  2182
2137364     7249       2  2123,1305413,0.35807300814895204,0.0
2264144,         movieId  rating  days
custId                        
2264144     5338       2  1911
2264144    12694       3  2160,2264144,0.4356357599336535,4.231638889719667
1985511,         movieId  rating  days
custId                        
1985511    14869       4  2077
1985511     1307       1  2083,153989,0.35154576023671724,0.0
1476022,         movieId  rating  days
custId                        
1476022     8524       5  2080
1476022     6195       4  2080,1476022,0.3956964435274425,0.0
2072882,         movieId  rating  days
custId                        
2072882     5807       4  1969
2072882    14550       4  1831,2072882,0.34580795965123134,0.0
785844,        movieId  rating  days
custId                       
785844     8327       5  2096
785844     8159       5  2095,1351319,0.36045611544817713,0.0
1462067,         movieId  rating  days
custId                        
1462067      357       3  1784
1462067    12155       3  1878,1298311,0.346839290763965,0.0
1210611,         movieId  rating  days
custId                        
1210611    11198       3  1264
1210611      831       5  1664,1210611,0.3858968638345671,5.0502113390702705
2107165,         movieId  rating  days
custId                        
2107165    13728       5  2064
2107165    15582       5  2065,2013176,0.33329759023236394,0.0
2267156,         movieId  rating  days
custId                        
2267156     6844       1  2201
2267156     3610       3  2196,294851,0.3495549146072599,0.0
962325,        movieId  rating  days
custId                       
962325    12739       4  1563
962325    17216       3   862,962325,0.4586308106280005,10.532567783198964
215401,        movieId  rating  days
custId                       
215401    14302       5  2035
215401     8116       5  2033,1301670,0.3795982177613858,0.0
875205,        movieId  rating  days
custId                       
875205     2172       5  1649
875205    12299       4  1643,2126068,0.3725904999959434,0.0
1952936,         movieId  rating  days
custId                        
1952936    16882       4  1513
1952936    14648       5  1507,1000264,0.3876985860157642,0.0
186411,        movieId  rating  days
custId                       
186411    11935       5  1441
186411    15031       5  1583,186411,0.4680447922515888,21.15730776521705
877290,        movieId  rating  days
custId                       
877290     9909       5  2142
877290     6255       3  2216,14189,0.4055363221153978,0.0
1324422,         movieId  rating  days
custId                        
1324422     9205       3  2208
1324422    12911       4  1913,1620227,0.34826819191073644,0.0
333336,        movieId  rating  days
custId                       
333336    12034       4  1066
333336     8531       5  1046,333336,0.368829217522514,3.2793794990953087
2247096,         movieId  rating  days
custId                        
2247096     1661       2  2121
2247096     8764       4  2205,2247096,0.37799907430952806,3.4610869299691798
74033,        movieId  rating  days
custId                       
74033     12582       4  1706
74033      7786       5  1670,955885,0.35616166971592733,0.0
378538,        movieId  rating  days
custId                       
378538     5069       3  2205
378538     6771       3  2207,2588758,0.3983158478777686,0.0
1224111,         movieId  rating  days
custId                        
1224111     9205       3  2055
1224111     1905       5  2132,2382165,0.3445056022018368,0.0
591265,        movieId  rating  days
custId                       
591265    11134       3  2192
591265     5327       5  2206,1783789,0.38353039941829864,0.0
470504,        movieId  rating  days
custId                       
470504     3905       5  2155
470504    15307       5  2153,2168230,0.38234636656665966,0.0
150521,        movieId  rating  days
custId                       
150521     4432       3  1656
150521    11256       2  1655,921286,0.3823181619909646,0.0
1723921,         movieId  rating  days
custId                        
1723921     2095       4  1933
1723921     8846       3  1934,2050809,0.35687505010566756,0.0
2407703,         movieId  rating  days
custId                        
2407703    14590       5  1742
2407703     7240       3  1741,2051538,0.3545074422615453,0.0
573420,        movieId  rating  days
custId                       
573420     3611       3  2085
573420     3182       3  2086,1658511,0.40643473654911544,0.0
2563075,         movieId  rating  days
custId                        
2563075    14861       2  1945
2563075    15110       3  1945,2563075,0.4989123886439556,5.32358116490364
2228576,         movieId  rating  days
custId                        
2228576     1810       5  2076
2228576    15296       5  1760,2228576,0.3725479533022098,0.0
